桥预制板new10,-29779.23,250,27.57,-30388.81,2525,71.49,-20439.87,2525,97.36,-19830.28,250,53.44,-29779.23,250,527.57,-30388.81,2525,571.49,-20439.87,2525,597.36,-19830.28,250,553.44
桥预制板new11,-30556.28,3150,83.55,-31145.77,5350,126.02,-21196.83,5350,151.89,-20607.34,3150,109.42,-30556.28,3150,583.55,-31145.77,5350,626.02,-21196.83,5350,651.89,-20607.34,3150,609.42
桥预制板new12,-19809.58,250,53.5,-20419.16,2525,97.41,-10459.87,2525,123.3,-9850.28,250,79.39,-19809.58,250,553.5,-20419.16,2525,597.41,-10459.87,2525,623.3,-9850.28,250,579.39
桥预制板new13,-20586.63,3150,109.47,-21176.12,5350,151.94,-11216.83,5350,177.84,-10627.34,3150,135.37,-20586.63,3150,609.47,-21176.12,5350,651.94,-11216.83,5350,677.84,-10627.34,3150,635.37
桥预制板new14,-9829.58,250,79.44,-10439.16,2525,123.36,-490.22,2525,149.23,119.36,250,105.31,-9829.58,250,579.44,-10439.16,2525,623.36,-490.22,2525,649.23,119.36,250,605.31
桥预制板new15,-10606.63,3150,135.42,-11196.12,5350,177.89,-1247.18,5350,203.76,-657.69,3150,161.29,-10606.63,3150,635.42,-11196.12,5350,677.89,-1247.18,5350,703.76,-657.69,3150,661.29
桥现浇混凝土16,-30388.81,2525,71.49,-30556.28,3150,83.55,-20607.34,3150,109.42,-20439.87,2525,97.36,-30388.81,2525,571.49,-30556.28,3150,583.55,-20607.34,3150,609.42,-20439.87,2525,597.36
桥现浇混凝土17,-20419.16,2525,97.41,-20586.63,3150,109.47,-10627.34,3150,135.37,-10459.87,2525,123.3,-20419.16,2525,597.41,-20586.63,3150,609.47,-10627.34,3150,635.37,-10459.87,2525,623.3
桥现浇混凝土18,-10439.16,2525,123.36,-10606.63,3150,135.42,-657.69,3150,161.29,-490.22,2525,149.23,-10439.16,2525,623.36,-10606.63,3150,635.42,-657.69,3150,661.29,-490.22,2525,649.23
桥现浇混凝土19,-36350.68,24775,500.99,-36471.26,25225,509.67,-26522.32,25225,535.54,-26401.74,24775,526.86,-36350.68,24775,1000.99,-36471.26,25225,1009.67,-26522.32,25225,1035.54,-26401.74,24775,1026.86
桥现浇混凝土20,-26381.03,24775,526.91,-26501.61,25225,535.6,-16542.32,25225,561.49,-16421.74,24775,552.8,-26381.03,24775,1026.91,-26501.61,25225,1035.6,-16542.32,25225,1061.49,-16421.74,24775,1052.8
桥现浇混凝土21,-16401.03,24775,552.86,-16521.61,25225,561.54,-6572.67,25225,587.41,-6452.09,24775,578.72,-16401.03,24775,1052.86,-16521.61,25225,1061.54,-6572.67,25225,1087.41,-6452.09,24775,1078.72
桥现浇混凝土22,-35640.62,22125,449.83,-35761.19,22575,458.52,-25812.25,22575,484.39,-25691.67,22125,475.7,-35640.62,22125,949.83,-35761.19,22575,958.52,-25812.25,22575,984.39,-25691.67,22125,975.7
桥现浇混凝土23,-25670.97,22125,475.76,-25791.55,22575,484.44,-15832.25,22575,510.34,-15711.67,22125,501.65,-25670.97,22125,975.76,-25791.55,22575,984.44,-15832.25,22575,1010.34,-15711.67,22125,1001.65
桥现浇混凝土24,-15690.97,22125,501.7,-15811.55,22575,510.39,-5862.6,22575,536.26,-5742.03,22125,527.57,-15690.97,22125,1001.7,-15811.55,22575,1010.39,-5862.6,22575,1036.26,-5742.03,22125,1027.57
桥现浇混凝土25,-34930.55,19475,398.68,-35051.13,19925,407.37,-25102.19,19925,433.23,-24981.61,19475,424.55,-34930.55,19475,898.68,-35051.13,19925,907.37,-25102.19,19925,933.23,-24981.61,19475,924.55
桥现浇混凝土26,-24960.9,19475,424.6,-25081.48,19925,433.29,-15122.19,19925,459.18,-15001.61,19475,450.5,-24960.9,19475,924.6,-25081.48,19925,933.29,-15122.19,19925,959.18,-15001.61,19475,950.5
桥现浇混凝土27,-14980.9,19475,450.55,-15101.48,19925,459.24,-5152.54,19925,485.1,-5031.96,19475,476.42,-14980.9,19475,950.55,-15101.48,19925,959.24,-5152.54,19925,985.1,-5031.96,19475,976.42
桥预制板new28,-31313.24,5975,138.09,-31902.72,8175,180.55,-21953.78,8175,206.42,-21364.29,5975,163.95,-31313.24,5975,638.09,-31902.72,8175,680.55,-21953.78,8175,706.42,-21364.29,5975,663.95
桥预制板new29,-21343.59,5975,164.01,-21933.08,8175,206.47,-11973.78,8175,232.37,-11384.29,5975,189.9,-21343.59,5975,664.01,-21933.08,8175,706.47,-11973.78,8175,732.37,-11384.29,5975,689.9
桥预制板new30,-11363.59,5975,189.95,-11953.08,8175,232.42,-2004.13,8175,258.29,-1414.65,5975,215.82,-11363.59,5975,689.95,-11953.08,8175,732.42,-2004.13,8175,758.29,-1414.65,5975,715.82
桥现浇混凝土31,-31145.77,5350,126.02,-31313.24,5975,138.09,-21364.29,5975,163.95,-21196.83,5350,151.89,-31145.77,5350,626.02,-31313.24,5975,638.09,-21364.29,5975,663.95,-21196.83,5350,651.89
桥现浇混凝土32,-21176.12,5350,151.94,-21343.59,5975,164.01,-11384.29,5975,189.9,-11216.83,5350,177.84,-21176.12,5350,651.94,-21343.59,5975,664.01,-11384.29,5975,689.9,-11216.83,5350,677.84
桥现浇混凝土33,-11196.12,5350,177.89,-11363.59,5975,189.95,-1414.65,5975,215.82,-1247.18,5350,203.76,-11196.12,5350,677.89,-11363.59,5975,689.95,-1414.65,5975,715.82,-1247.18,5350,703.76
桥预制板new34,-32070.19,8800,192.62,-32659.68,11000,235.08,-22710.74,11000,260.95,-22121.25,8800,218.48,-32070.19,8800,692.62,-32659.68,11000,735.08,-22710.74,11000,760.95,-22121.25,8800,718.48
桥预制板new35,-22100.54,8800,218.54,-22690.03,11000,261.01,-12730.74,11000,286.9,-12141.25,8800,244.43,-22100.54,8800,718.54,-22690.03,11000,761.01,-12730.74,11000,786.9,-12141.25,8800,744.43
桥预制板new36,-12120.54,8800,244.49,-12710.03,11000,286.95,-2761.09,11000,312.82,-2171.6,8800,270.35,-12120.54,8800,744.49,-12710.03,11000,786.95,-2761.09,11000,812.82,-2171.6,8800,770.35
桥现浇混凝土37,-31902.72,8175,180.55,-32070.19,8800,192.62,-22121.25,8800,218.48,-21953.78,8175,206.42,-31902.72,8175,680.55,-32070.19,8800,692.62,-22121.25,8800,718.48,-21953.78,8175,706.42
桥现浇混凝土38,-21933.08,8175,206.47,-22100.54,8800,218.54,-12141.25,8800,244.43,-11973.78,8175,232.37,-21933.08,8175,706.47,-22100.54,8800,718.54,-12141.25,8800,744.43,-11973.78,8175,732.37
桥现浇混凝土39,-11953.08,8175,232.42,-12120.54,8800,244.49,-2171.6,8800,270.35,-2004.13,8175,258.29,-11953.08,8175,732.42,-12120.54,8800,744.49,-2171.6,8800,770.35,-2004.13,8175,758.29
桥预制板new40,-32827.15,11625,247.15,-33416.64,13825,289.62,-23467.7,13825,315.48,-22878.21,11625,273.02,-32827.15,11625,747.15,-33416.64,13825,789.62,-23467.7,13825,815.48,-22878.21,11625,773.02
桥预制板new41,-22857.5,11625,273.07,-23446.99,13825,315.54,-13487.7,13825,341.43,-12898.21,11625,298.96,-22857.5,11625,773.07,-23446.99,13825,815.54,-13487.7,13825,841.43,-12898.21,11625,798.96
桥预制板new42,-12877.5,11625,299.02,-13466.99,13825,341.49,-3518.05,13825,367.35,-2928.56,11625,324.89,-12877.5,11625,799.02,-13466.99,13825,841.49,-3518.05,13825,867.35,-2928.56,11625,824.89
桥现浇混凝土43,-32659.68,11000,235.08,-32827.15,11625,247.15,-22878.21,11625,273.02,-22710.74,11000,260.95,-32659.68,11000,735.08,-32827.15,11625,747.15,-22878.21,11625,773.02,-22710.74,11000,760.95
桥现浇混凝土44,-22690.03,11000,261.01,-22857.5,11625,273.07,-12898.21,11625,298.96,-12730.74,11000,286.9,-22690.03,11000,761.01,-22857.5,11625,773.07,-12898.21,11625,798.96,-12730.74,11000,786.9
桥现浇混凝土45,-12710.03,11000,286.95,-12877.5,11625,299.02,-2928.56,11625,324.89,-2761.09,11000,312.82,-12710.03,11000,786.95,-12877.5,11625,799.02,-2928.56,11625,824.89,-2761.09,11000,812.82
桥预制板new46,-33584.11,14450,301.68,-34173.59,16650,344.15,-24224.65,16650,370.02,-23635.16,14450,327.55,-33584.11,14450,801.68,-34173.59,16650,844.15,-24224.65,16650,870.02,-23635.16,14450,827.55
桥预制板new47,-23614.46,14450,327.6,-24203.95,16650,370.07,-14244.65,16650,395.96,-13655.16,14450,353.5,-23614.46,14450,827.6,-24203.95,16650,870.07,-14244.65,16650,895.96,-13655.16,14450,853.5
桥预制板new48,-13634.46,14450,353.55,-14223.95,16650,396.02,-4275,16650,421.88,-3685.52,14450,379.42,-13634.46,14450,853.55,-14223.95,16650,896.02,-4275,16650,921.88,-3685.52,14450,879.42
桥现浇混凝土49,-33416.64,13825,289.62,-33584.11,14450,301.68,-23635.16,14450,327.55,-23467.7,13825,315.48,-33416.64,13825,789.62,-33584.11,14450,801.68,-23635.16,14450,827.55,-23467.7,13825,815.48
桥现浇混凝土50,-23446.99,13825,315.54,-23614.46,14450,327.6,-13655.16,14450,353.5,-13487.7,13825,341.43,-23446.99,13825,815.54,-23614.46,14450,827.6,-13655.16,14450,853.5,-13487.7,13825,841.43
桥现浇混凝土51,-13466.99,13825,341.49,-13634.46,14450,353.55,-3685.52,14450,379.42,-3518.05,13825,367.35,-13466.99,13825,841.49,-13634.46,14450,853.55,-3685.52,14450,879.42,-3518.05,13825,867.35
桥预制板new52,-34341.06,17275,356.21,-34930.55,19475,398.68,-24981.61,19475,424.55,-24392.12,17275,382.08,-34341.06,17275,856.21,-34930.55,19475,898.68,-24981.61,19475,924.55,-24392.12,17275,882.08
桥预制板new53,-24371.41,17275,382.13,-24960.9,19475,424.6,-15001.61,19475,450.5,-14412.12,17275,408.03,-24371.41,17275,882.13,-24960.9,19475,924.6,-15001.61,19475,950.5,-14412.12,17275,908.03
桥预制板new54,-14391.41,17275,408.08,-14980.9,19475,450.55,-5031.96,19475,476.42,-4442.47,17275,433.95,-14391.41,17275,908.08,-14980.9,19475,950.55,-5031.96,19475,976.42,-4442.47,17275,933.95
桥现浇混凝土55,-34173.59,16650,344.15,-34341.06,17275,356.21,-24392.12,17275,382.08,-24224.65,16650,370.02,-34173.59,16650,844.15,-34341.06,17275,856.21,-24392.12,17275,882.08,-24224.65,16650,870.02
桥现浇混凝土56,-24203.95,16650,370.07,-24371.41,17275,382.13,-14412.12,17275,408.03,-14244.65,16650,395.96,-24203.95,16650,870.07,-24371.41,17275,882.13,-14412.12,17275,908.03,-14244.65,16650,895.96
桥现浇混凝土57,-14223.95,16650,396.02,-14391.41,17275,408.08,-4442.47,17275,433.95,-4275,16650,421.88,-14223.95,16650,896.02,-14391.41,17275,908.08,-4442.47,17275,933.95,-4275,16650,921.88
桥预制板new58,-36471.26,25225,509.67,-37080.84,27500,553.59,-27131.9,27500,579.46,-26522.32,25225,535.54,-36471.26,25225,1009.67,-37080.84,27500,1053.59,-27131.9,27500,1079.46,-26522.32,25225,1035.54
桥预制板new59,-26501.61,25225,535.6,-27111.19,27500,579.51,-17151.9,27500,605.41,-16542.32,25225,561.49,-26501.61,25225,1035.6,-27111.19,27500,1079.51,-17151.9,27500,1105.41,-16542.32,25225,1061.49
桥预制板new60,-16521.61,25225,561.54,-17131.19,27500,605.46,-7182.25,27500,631.33,-6572.67,25225,587.41,-16521.61,25225,1061.54,-17131.19,27500,1105.46,-7182.25,27500,1131.33,-6572.67,25225,1087.41
桥预制板new61,-35761.19,22575,458.52,-36350.68,24775,500.99,-26401.74,24775,526.86,-25812.25,22575,484.39,-35761.19,22575,958.52,-36350.68,24775,1000.99,-26401.74,24775,1026.86,-25812.25,22575,984.39
桥预制板new62,-25791.55,22575,484.44,-26381.03,24775,526.91,-16421.74,24775,552.8,-15832.25,22575,510.34,-25791.55,22575,984.44,-26381.03,24775,1026.91,-16421.74,24775,1052.8,-15832.25,22575,1010.34
桥预制板new63,-15811.55,22575,510.39,-16401.03,24775,552.86,-6452.09,24775,578.72,-5862.6,22575,536.26,-15811.55,22575,1010.39,-16401.03,24775,1052.86,-6452.09,24775,1078.72,-5862.6,22575,1036.26
桥预制板new64,-35051.13,19925,407.37,-35640.62,22125,449.83,-25691.67,22125,475.7,-25102.19,19925,433.23,-35051.13,19925,907.37,-35640.62,22125,949.83,-25691.67,22125,975.7,-25102.19,19925,933.23
桥预制板new65,-25081.48,19925,433.29,-25670.97,22125,475.76,-15711.67,22125,501.65,-15122.19,19925,459.18,-25081.48,19925,933.29,-25670.97,22125,975.76,-15711.67,22125,1001.65,-15122.19,19925,959.18
桥预制板new66,-15101.48,19925,459.24,-15690.97,22125,501.7,-5742.03,22125,527.57,-5152.54,19925,485.1,-15101.48,19925,959.24,-15690.97,22125,1001.7,-5742.03,22125,1027.57,-5152.54,19925,985.1
桥头搭板67,-35634.02,0,7.35000000000002,-43002.62,27500,538.19,-37619.19,27500,552.19,-30250.58,0,21.35,-35634.02,0,357.35,-43002.62,27500,888.19,-37619.19,27500,902.19,-30250.58,0,371.35
桥头搭板68,724.69,0,101.88,-6643.91,27500,632.73,-1260.47,27500,646.72,6108.13,0,115.88,724.69,0,451.88,-6643.91,27500,982.73,-1260.47,27500,996.72,6108.13,0,465.88
桥垫石77,-36873.18,26725,138.63,-36169.19,26725,140.46,-36316.57,27275,151.08,-37020.55,27275,149.25,-36873.18,26725,338.63,-36169.19,26725,340.46,-36316.57,27275,351.08,-37020.55,27275,349.25
桥垫石78,-27638.58,26725,162.64,-26189.19,26725,166.41,-26336.57,27275,177.02,-27785.95,27275,173.26,-27638.58,26725,362.64,-26189.19,26725,366.41,-26336.57,27275,377.02,-27785.95,27275,373.26
桥垫石79,-7678.58,26725,214.54,-6974.59,26725,216.37,-7121.96,27275,226.98,-7825.95,27275,225.15,-7678.58,26725,414.54,-6974.59,26725,416.37,-7121.96,27275,426.98,-7825.95,27275,425.15
桥垫石80,-17658.58,26725,188.59,-16209.19,26725,192.36,-16356.57,27275,202.97,-17805.95,27275,199.2,-17658.58,26725,388.59,-16209.19,26725,392.36,-16356.57,27275,402.97,-17805.95,27275,399.2
桥垫石81,-36658.82,25925,123.19,-35954.83,25925,125.02,-36102.21,26475,135.63,-36806.19,26475,133.8,-36658.82,25925,323.19,-35954.83,25925,325.02,-36102.21,26475,335.63,-36806.19,26475,333.8
桥垫石82,-27424.22,25925,147.2,-25974.83,25925,150.97,-26122.21,26475,161.58,-27571.59,26475,157.81,-27424.22,25925,347.2,-25974.83,25925,350.97,-26122.21,26475,361.58,-27571.59,26475,357.81
桥垫石83,-7464.22,25925,199.09,-6760.23,25925,200.92,-6907.61,26475,211.54,-7611.59,26475,209.71,-7464.22,25925,399.09,-6760.23,25925,400.92,-6907.61,26475,411.54,-7611.59,26475,409.71
桥垫石84,-17444.22,25925,173.15,-15994.83,25925,176.91,-16142.21,26475,187.53,-17591.59,26475,183.76,-17444.22,25925,373.15,-15994.83,25925,376.91,-16142.21,26475,387.53,-17591.59,26475,383.76
桥垫石85,-36444.46,25125,107.74,-35740.47,25125,109.57,-35887.85,25675,120.19,-36591.83,25675,118.36,-36444.46,25125,307.74,-35740.47,25125,309.57,-35887.85,25675,320.19,-36591.83,25675,318.36
桥垫石86,-27209.86,25125,131.75,-25760.47,25125,135.52,-25907.85,25675,146.14,-27357.23,25675,142.37,-27209.86,25125,331.75,-25760.47,25125,335.52,-25907.85,25675,346.14,-27357.23,25675,342.37
桥垫石87,-7249.86,25125,183.65,-6545.87,25125,185.48,-6693.25,25675,196.1,-7397.23,25675,194.27,-7249.86,25125,383.65,-6545.87,25125,385.48,-6693.25,25675,396.1,-7397.23,25675,394.27
桥垫石88,-17229.86,25125,157.7,-15780.47,25125,161.47,-15927.85,25675,172.09,-17377.23,25675,168.32,-17229.86,25125,357.7,-15780.47,25125,361.47,-15927.85,25675,372.09,-17377.23,25675,368.32
桥垫石89,-36230.1,24325,92.3,-35526.12,24325,94.13,-35673.49,24875,104.75,-36377.48,24875,102.92,-36230.1,24325,292.3,-35526.12,24325,294.13,-35673.49,24875,304.75,-36377.48,24875,302.92
桥垫石90,-26995.5,24325,116.31,-25546.12,24325,120.08,-25693.49,24875,130.7,-27142.87,24875,126.93,-26995.5,24325,316.31,-25546.12,24325,320.08,-25693.49,24875,330.7,-27142.87,24875,326.93
桥垫石91,-7035.5,24325,168.21,-6331.51,24325,170.04,-6478.89,24875,180.65,-7182.87,24875,178.82,-7035.5,24325,368.21,-6331.51,24325,370.04,-6478.89,24875,380.65,-7182.87,24875,378.82
桥垫石92,-17015.5,24325,142.26,-15566.12,24325,146.03,-15713.49,24875,156.64,-17162.87,24875,152.88,-17015.5,24325,342.26,-15566.12,24325,346.03,-15713.49,24875,356.64,-17162.87,24875,352.88
桥垫石93,-35982.25,23400,74.45,-35278.26,23400,76.28,-35425.63,23950,86.89,-36129.62,23950,85.06,-35982.25,23400,274.45,-35278.26,23400,276.28,-35425.63,23950,286.89,-36129.62,23950,285.06
桥垫石94,-26747.65,23400,98.46,-25298.26,23400,102.22,-25445.63,23950,112.84,-26895.02,23950,109.07,-26747.65,23400,298.46,-25298.26,23400,302.22,-25445.63,23950,312.84,-26895.02,23950,309.07
桥垫石95,-6787.65,23400,150.35,-6083.66,23400,152.18,-6231.03,23950,162.8,-6935.02,23950,160.97,-6787.65,23400,350.35,-6083.66,23400,352.18,-6231.03,23950,362.8,-6935.02,23950,360.97
桥垫石96,-16767.65,23400,124.4,-15318.26,23400,128.17,-15465.63,23950,138.79,-16915.02,23950,135.02,-16767.65,23400,324.4,-15318.26,23400,328.17,-15465.63,23950,338.79,-16915.02,23950,335.02
桥垫石97,-35734.4,22475,56.59,-35030.41,22475,58.42,-35177.78,23025,69.04,-35881.77,23025,67.21,-35734.4,22475,256.59,-35030.41,22475,258.42,-35177.78,23025,269.04,-35881.77,23025,267.21
桥垫石98,-26499.8,22475,80.6,-25050.41,22475,84.37,-25197.78,23025,94.99,-26647.17,23025,91.22,-26499.8,22475,280.6,-25050.41,22475,284.37,-25197.78,23025,294.99,-26647.17,23025,291.22
桥垫石99,-6539.8,22475,132.5,-5835.81,22475,134.33,-5983.18,23025,144.94,-6687.17,23025,143.11,-6539.8,22475,332.5,-5835.81,22475,334.33,-5983.18,23025,344.94,-6687.17,23025,343.11
桥垫石100,-16519.8,22475,106.55,-15070.41,22475,110.32,-15217.78,23025,120.93,-16667.17,23025,117.17,-16519.8,22475,306.55,-15070.41,22475,310.32,-15217.78,23025,320.93,-16667.17,23025,317.17
桥垫石101,-35520.04,21675,41.15,-34816.05,21675,42.98,-34963.42,22225,53.6,-35667.41,22225,51.76,-35520.04,21675,241.15,-34816.05,21675,242.98,-34963.42,22225,253.6,-35667.41,22225,251.76
桥垫石102,-26285.44,21675,65.16,-24836.05,21675,68.93,-24983.42,22225,79.54,-26432.81,22225,75.77,-26285.44,21675,265.16,-24836.05,21675,268.93,-24983.42,22225,279.54,-26432.81,22225,275.77
桥垫石103,-6325.44,21675,117.05,-5621.45,21675,118.88,-5768.82,22225,129.5,-6472.81,22225,127.67,-6325.44,21675,317.05,-5621.45,21675,318.88,-5768.82,22225,329.5,-6472.81,22225,327.67
桥垫石104,-16305.44,21675,91.11,-14856.05,21675,94.87,-15003.42,22225,105.49,-16452.81,22225,101.72,-16305.44,21675,291.11,-14856.05,21675,294.87,-15003.42,22225,305.49,-16452.81,22225,301.72
桥垫石105,-35272.18,20750,23.29,-34568.2,20750,25.12,-34715.57,21300,35.74,-35419.56,21300,33.91,-35272.18,20750,223.29,-34568.2,20750,225.12,-34715.57,21300,235.74,-35419.56,21300,233.91
桥垫石106,-26037.58,20750,47.3,-24588.2,20750,51.07,-24735.57,21300,61.69,-26184.96,21300,57.92,-26037.58,20750,247.3,-24588.2,20750,251.07,-24735.57,21300,261.69,-26184.96,21300,257.92
桥垫石107,-6077.58,20750,99.2,-5373.6,20750,101.03,-5520.97,21300,111.65,-6224.96,21300,109.82,-6077.58,20750,299.2,-5373.6,20750,301.03,-5520.97,21300,311.65,-6224.96,21300,309.82
桥垫石108,-16057.58,20750,73.25,-14608.2,20750,77.02,-14755.57,21300,87.64,-16204.96,21300,83.87,-16057.58,20750,273.25,-14608.2,20750,277.02,-14755.57,21300,287.64,-16204.96,21300,283.87
桥垫石109,-35024.33,19825,5.44,-34320.34,19825,7.26999999999998,-34467.72,20375,17.88,-35171.7,20375,16.05,-35024.33,19825,205.44,-34320.34,19825,207.27,-34467.72,20375,217.88,-35171.7,20375,216.05
桥垫石110,-25789.73,19825,29.45,-24340.34,19825,33.22,-24487.72,20375,43.83,-25937.1,20375,40.06,-25789.73,19825,229.45,-24340.34,19825,233.22,-24487.72,20375,243.83,-25937.1,20375,240.06
桥垫石111,-5829.73,19825,81.34,-5125.74,19825,83.17,-5273.12,20375,93.79,-5977.1,20375,91.96,-5829.73,19825,281.34,-5125.74,19825,283.17,-5273.12,20375,293.79,-5977.1,20375,291.96
桥垫石112,-15809.73,19825,55.39,-14360.34,19825,59.16,-14507.72,20375,69.78,-15957.1,20375,66.01,-15809.73,19825,255.39,-14360.34,19825,259.16,-14507.72,20375,269.78,-15957.1,20375,266.01
桥垫石113,-34809.97,19025,-10.01,-34105.98,19025,-8.18000000000001,-34253.36,19575,2.44,-34957.34,19575,0.610000000000014,-34809.97,19025,189.99,-34105.98,19025,191.82,-34253.36,19575,202.44,-34957.34,19575,200.61
桥垫石114,-25575.37,19025,14,-24125.98,19025,17.77,-24273.36,19575,28.39,-25722.74,19575,24.62,-25575.37,19025,214,-24125.98,19025,217.77,-24273.36,19575,228.39,-25722.74,19575,224.62
桥垫石115,-5615.37,19025,65.9,-4911.38,19025,67.73,-5058.76,19575,78.35,-5762.74,19575,76.52,-5615.37,19025,265.9,-4911.38,19025,267.73,-5058.76,19575,278.35,-5762.74,19575,276.52
桥垫石116,-15595.37,19025,39.95,-14145.98,19025,43.72,-14293.36,19575,54.34,-15742.74,19575,50.57,-15595.37,19025,239.95,-14145.98,19025,243.72,-14293.36,19575,254.34,-15742.74,19575,250.57
桥垫石117,-34562.12,18100,-27.86,-33858.13,18100,-26.03,-34005.5,18650,-15.41,-34709.49,18650,-17.24,-34562.12,18100,172.14,-33858.13,18100,173.97,-34005.5,18650,184.59,-34709.49,18650,182.76
桥垫石118,-25327.52,18100,-3.85000000000002,-23878.13,18100,-0.0799999999999841,-24025.5,18650,10.53,-25474.89,18650,6.76999999999998,-25327.52,18100,196.15,-23878.13,18100,199.92,-24025.5,18650,210.53,-25474.89,18650,206.77
桥垫石119,-5367.52,18100,48.04,-4663.53,18100,49.87,-4810.9,18650,60.49,-5514.89,18650,58.66,-5367.52,18100,248.04,-4663.53,18100,249.87,-4810.9,18650,260.49,-5514.89,18650,258.66
桥垫石120,-15347.52,18100,22.1,-13898.13,18100,25.86,-14045.5,18650,36.48,-15494.89,18650,32.71,-15347.52,18100,222.1,-13898.13,18100,225.86,-14045.5,18650,236.48,-15494.89,18650,232.71
桥垫石121,-34341.06,17275,-43.79,-33637.07,17275,-41.96,-33757.65,17725,-33.27,-34461.64,17725,-35.1,-34341.06,17275,156.21,-33637.07,17275,158.04,-33757.65,17725,166.73,-34461.64,17725,164.9
桥垫石122,-25106.46,17275,-19.78,-23657.07,17275,-16.01,-23777.65,17725,-7.31999999999999,-25227.04,17725,-11.09,-25106.46,17275,180.22,-23657.07,17275,183.99,-23777.65,17725,192.68,-25227.04,17725,188.91
桥垫石123,-5146.46,17275,32.12,-4442.47,17275,33.95,-4563.05,17725,42.64,-5267.04,17725,40.81,-5146.46,17275,232.12,-4442.47,17275,233.95,-4563.05,17725,242.64,-5267.04,17725,240.81
桥垫石124,-15126.46,17275,6.17000000000002,-13677.07,17275,9.94,-13797.65,17725,18.63,-15247.04,17725,14.86,-15126.46,17275,206.17,-13677.07,17275,209.94,-13797.65,17725,218.63,-15247.04,17725,214.86
桥垫石125,-34053.02,16200,-64.54,-33271.38,16200,-62.51,-33418.75,16750,-51.89,-34200.39,16750,-53.92,-34053.02,16200,135.46,-33271.38,16200,137.49,-33418.75,16750,148.11,-34200.39,16750,146.08
桥垫石126,-24714.89,16200,-40.26,-23472.56,16200,-37.03,-23619.93,16750,-26.41,-24862.26,16750,-29.64,-24714.89,16200,159.74,-23472.56,16200,162.97,-23619.93,16750,173.59,-24862.26,16750,170.36
桥垫石127,-4936.06,16200,11.17,-4154.43,16200,13.2,-4301.8,16750,23.82,-5083.43,16750,21.78,-4936.06,16200,211.17,-4154.43,16200,213.2,-4301.8,16750,223.82,-5083.43,16750,221.78
桥垫石128,-14734.89,16200,-14.31,-13492.56,16200,-11.08,-13639.93,16750,-0.45999999999998,-14882.26,16750,-3.69,-14734.89,16200,185.69,-13492.56,16200,188.92,-13639.93,16750,199.54,-14882.26,16750,196.31
桥垫石129,-33805.16,15275,-82.39,-33023.53,15275,-80.36,-33170.9,15825,-69.74,-33952.54,15825,-71.78,-33805.16,15275,117.61,-33023.53,15275,119.64,-33170.9,15825,130.26,-33952.54,15825,128.22
桥垫石130,-24467.03,15275,-58.11,-23224.7,15275,-54.88,-23372.08,15825,-44.27,-24614.41,15825,-47.5,-24467.03,15275,141.89,-23224.7,15275,145.12,-23372.08,15825,155.73,-24614.41,15825,152.5
桥垫石131,-4688.21,15275,-6.69,-3906.57,15275,-4.66000000000003,-4053.95,15825,5.95999999999998,-4835.58,15825,3.93000000000001,-4688.21,15275,193.31,-3906.57,15275,195.34,-4053.95,15825,205.96,-4835.58,15825,203.93
桥垫石132,-14487.03,15275,-32.17,-13244.7,15275,-28.94,-13392.08,15825,-18.32,-14634.41,15825,-21.55,-14487.03,15275,167.83,-13244.7,15275,171.06,-13392.08,15825,181.68,-14634.41,15825,178.45
桥垫石133,-33557.31,14350,-100.25,-32775.68,14350,-98.22,-32923.05,14900,-87.6,-33704.68,14900,-89.63,-33557.31,14350,99.75,-32775.68,14350,101.78,-32923.05,14900,112.4,-33704.68,14900,110.37
桥垫石134,-24219.18,14350,-75.97,-22976.85,14350,-72.74,-23124.22,14900,-62.12,-24366.55,14900,-65.35,-24219.18,14350,124.03,-22976.85,14350,127.26,-23124.22,14900,137.88,-24366.55,14900,134.65
桥垫石135,-4440.35,14350,-24.54,-3658.72,14350,-22.51,-3806.09,14900,-11.9,-4587.73,14900,-13.93,-4440.35,14350,175.46,-3658.72,14350,177.49,-3806.09,14900,188.1,-4587.73,14900,186.07
桥垫石136,-14239.18,14350,-50.02,-12996.85,14350,-46.79,-13144.22,14900,-36.17,-14386.55,14900,-39.41,-14239.18,14350,149.98,-12996.85,14350,153.21,-13144.22,14900,163.83,-14386.55,14900,160.59
桥垫石137,-33296.06,13375,-119.07,-32514.43,13375,-117.04,-32661.8,13925,-106.42,-33443.43,13925,-108.45,-33296.06,13375,80.93,-32514.43,13375,82.96,-32661.8,13925,93.58,-33443.43,13925,91.55
桥垫石138,-23957.93,13375,-94.79,-22715.6,13375,-91.56,-22862.97,13925,-80.94,-24105.3,13925,-84.17,-23957.93,13375,105.21,-22715.6,13375,108.44,-22862.97,13925,119.06,-24105.3,13925,115.83
桥垫石139,-4179.1,13375,-43.37,-3397.47,13375,-41.33,-3544.84,13925,-30.72,-4326.48,13925,-32.75,-4179.1,13375,156.63,-3397.47,13375,158.67,-3544.84,13925,169.28,-4326.48,13925,167.25
桥垫石140,-13977.93,13375,-68.84,-12735.6,13375,-65.61,-12882.97,13925,-55,-14125.3,13925,-58.23,-13977.93,13375,131.16,-12735.6,13375,134.39,-12882.97,13925,145,-14125.3,13925,141.77
桥垫石141,-33048.21,12450,-136.93,-32266.57,12450,-134.89,-32413.95,13000,-124.28,-33195.58,13000,-126.31,-33048.21,12450,63.07,-32266.57,12450,65.11,-32413.95,13000,75.72,-33195.58,13000,73.69
桥垫石142,-23710.08,12450,-112.65,-22467.75,12450,-109.42,-22615.12,13000,-98.8,-23857.45,13000,-102.03,-23710.08,12450,87.35,-22467.75,12450,90.58,-22615.12,13000,101.2,-23857.45,13000,97.97
桥垫石143,-3931.25,12450,-61.22,-3149.62,12450,-59.19,-3296.99,13000,-48.57,-4078.62,13000,-50.6,-3931.25,12450,138.78,-3149.62,12450,140.81,-3296.99,13000,151.43,-4078.62,13000,149.4
桥垫石144,-13730.08,12450,-86.7,-12487.75,12450,-83.47,-12635.12,13000,-72.85,-13877.45,13000,-76.08,-13730.08,12450,113.3,-12487.75,12450,116.53,-12635.12,13000,127.15,-13877.45,13000,123.92
桥垫石145,-32800.35,11525,-154.78,-32018.72,11525,-152.75,-32166.09,12075,-142.13,-32947.73,12075,-144.16,-32800.35,11525,45.22,-32018.72,11525,47.25,-32166.09,12075,57.87,-32947.73,12075,55.84
桥垫石146,-23462.22,11525,-130.5,-22219.89,11525,-127.27,-22367.27,12075,-116.65,-23609.6,12075,-119.88,-23462.22,11525,69.5,-22219.89,11525,72.73,-22367.27,12075,83.35,-23609.6,12075,80.12
桥垫石147,-3683.4,11525,-79.08,-2901.76,11525,-77.04,-3049.14,12075,-66.43,-3830.77,12075,-68.46,-3683.4,11525,120.92,-2901.76,11525,122.96,-3049.14,12075,133.57,-3830.77,12075,131.54
桥垫石148,-13482.22,11525,-104.55,-12239.89,11525,-101.32,-12387.27,12075,-90.71,-13629.6,12075,-93.94,-13482.22,11525,95.45,-12239.89,11525,98.68,-12387.27,12075,109.29,-13629.6,12075,106.06
桥垫石149,-32539.1,10550,-173.6,-31757.47,10550,-171.57,-31904.84,11100,-160.95,-32686.48,11100,-162.98,-32539.1,10550,26.4,-31757.47,10550,28.43,-31904.84,11100,39.05,-32686.48,11100,37.02
桥垫石150,-23200.97,10550,-149.32,-21958.64,10550,-146.09,-22106.02,11100,-135.48,-23348.35,11100,-138.71,-23200.97,10550,50.68,-21958.64,10550,53.91,-22106.02,11100,64.52,-23348.35,11100,61.29
桥垫石151,-3422.15,10550,-97.9,-2640.51,10550,-95.87,-2787.89,11100,-85.25,-3569.52,11100,-87.28,-3422.15,10550,102.1,-2640.51,10550,104.13,-2787.89,11100,114.75,-3569.52,11100,112.72
桥垫石152,-13220.97,10550,-123.37,-11978.64,10550,-120.14,-12126.02,11100,-109.53,-13368.35,11100,-112.76,-13220.97,10550,76.63,-11978.64,10550,79.86,-12126.02,11100,90.47,-13368.35,11100,87.24
桥垫石153,-32291.25,9625,-191.46,-31509.62,9625,-189.43,-31656.99,10175,-178.81,-32438.62,10175,-180.84,-32291.25,9625,8.54000000000002,-31509.62,9625,10.57,-31656.99,10175,21.19,-32438.62,10175,19.16
桥垫石154,-22953.12,9625,-167.18,-21710.79,9625,-163.95,-21858.16,10175,-153.33,-23100.49,10175,-156.56,-22953.12,9625,32.82,-21710.79,9625,36.05,-21858.16,10175,46.67,-23100.49,10175,43.44
桥垫石155,-3174.29,9625,-115.75,-2392.66,9625,-113.72,-2540.03,10175,-103.1,-3321.67,10175,-105.14,-3174.29,9625,84.25,-2392.66,9625,86.28,-2540.03,10175,96.9,-3321.67,10175,94.86
桥垫石156,-12973.12,9625,-141.23,-11730.79,9625,-138,-11878.16,10175,-127.38,-13120.49,10175,-130.61,-12973.12,9625,58.77,-11730.79,9625,62,-11878.16,10175,72.62,-13120.49,10175,69.39
桥垫石157,-32043.4,8700,-209.31,-31261.76,8700,-207.28,-31409.14,9250,-196.66,-32190.77,9250,-198.7,-32043.4,8700,-9.31,-31261.76,8700,-7.28,-31409.14,9250,3.34,-32190.77,9250,1.30000000000001
桥垫石158,-22705.27,8700,-185.03,-21462.94,8700,-181.8,-21610.31,9250,-171.19,-22852.64,9250,-174.42,-22705.27,8700,14.97,-21462.94,8700,18.2,-21610.31,9250,28.81,-22852.64,9250,25.58
桥垫石159,-2926.44,8700,-133.61,-2144.81,8700,-131.58,-2292.18,9250,-120.96,-3073.81,9250,-122.99,-2926.44,8700,66.39,-2144.81,8700,68.42,-2292.18,9250,79.04,-3073.81,9250,77.01
桥垫石160,-12725.27,8700,-159.09,-11482.94,8700,-155.86,-11630.31,9250,-145.24,-12872.64,9250,-148.47,-12725.27,8700,40.91,-11482.94,8700,44.14,-11630.31,9250,54.76,-12872.64,9250,51.53
桥垫石161,-31782.15,7725,-228.13,-31000.51,7725,-226.1,-31147.89,8275,-215.48,-31929.52,8275,-217.52,-31782.15,7725,-28.13,-31000.51,7725,-26.1,-31147.89,8275,-15.48,-31929.52,8275,-17.52
桥垫石162,-22444.02,7725,-203.85,-21201.69,7725,-200.62,-21349.06,8275,-190.01,-22591.39,8275,-193.24,-22444.02,7725,-3.84999999999999,-21201.69,7725,-0.620000000000005,-21349.06,8275,9.99000000000001,-22591.39,8275,6.75999999999999
桥垫石163,-2665.19,7725,-152.43,-1883.56,7725,-150.4,-2030.93,8275,-139.78,-2812.56,8275,-141.81,-2665.19,7725,47.57,-1883.56,7725,49.6,-2030.93,8275,60.22,-2812.56,8275,58.19
桥垫石164,-12464.02,7725,-177.91,-11221.69,7725,-174.68,-11369.06,8275,-164.06,-12611.39,8275,-167.29,-12464.02,7725,22.09,-11221.69,7725,25.32,-11369.06,8275,35.94,-12611.39,8275,32.71
桥垫石165,-31534.29,6800,-245.99,-30752.66,6800,-243.96,-30900.03,7350,-233.34,-31681.67,7350,-235.37,-31534.29,6800,-45.99,-30752.66,6800,-43.96,-30900.03,7350,-33.34,-31681.67,7350,-35.37
桥垫石166,-22196.16,6800,-221.71,-20953.83,6800,-218.48,-21101.21,7350,-207.86,-22343.54,7350,-211.09,-22196.16,6800,-21.71,-20953.83,6800,-18.48,-21101.21,7350,-7.86000000000001,-22343.54,7350,-11.09
桥垫石167,-2417.34,6800,-170.29,-1635.7,6800,-168.25,-1783.08,7350,-157.64,-2564.71,7350,-159.67,-2417.34,6800,29.71,-1635.7,6800,31.75,-1783.08,7350,42.36,-2564.71,7350,40.33
桥垫石168,-12216.16,6800,-195.76,-10973.83,6800,-192.53,-11121.21,7350,-181.92,-12363.54,7350,-185.15,-12216.16,6800,4.24000000000001,-10973.83,6800,7.47,-11121.21,7350,18.08,-12363.54,7350,14.85
桥垫石169,-31286.44,5875,-263.84,-30504.81,5875,-261.81,-30652.18,6425,-251.2,-31433.81,6425,-253.23,-31286.44,5875,-63.84,-30504.81,5875,-61.81,-30652.18,6425,-51.2,-31433.81,6425,-53.23
桥垫石170,-21948.31,5875,-239.57,-20705.98,5875,-236.34,-20853.35,6425,-225.72,-22095.68,6425,-228.95,-21948.31,5875,-39.57,-20705.98,5875,-36.34,-20853.35,6425,-25.72,-22095.68,6425,-28.95
桥垫石171,-2169.49,5875,-188.14,-1387.85,5875,-186.11,-1535.22,6425,-175.49,-2316.86,6425,-177.52,-2169.49,5875,11.86,-1387.85,5875,13.89,-1535.22,6425,24.51,-2316.86,6425,22.48
桥垫石172,-11968.31,5875,-213.62,-10725.98,5875,-210.39,-10873.35,6425,-199.77,-12115.68,6425,-203,-11968.31,5875,-13.62,-10725.98,5875,-10.39,-10873.35,6425,0.230000000000018,-12115.68,6425,-3
桥垫石173,-31025.19,4900,-282.67,-30243.56,4900,-280.63,-30390.93,5450,-270.02,-31172.56,5450,-272.05,-31025.19,4900,-82.67,-30243.56,4900,-80.63,-30390.93,5450,-70.02,-31172.56,5450,-72.05
桥垫石174,-21687.06,4900,-258.39,-20444.73,4900,-255.16,-20592.1,5450,-244.54,-21834.43,5450,-247.77,-21687.06,4900,-58.39,-20444.73,4900,-55.16,-20592.1,5450,-44.54,-21834.43,5450,-47.77
桥垫石175,-1908.23,4900,-206.96,-1126.6,4900,-204.93,-1273.97,5450,-194.31,-2055.61,5450,-196.34,-1908.23,4900,-6.95999999999998,-1126.6,4900,-4.93000000000001,-1273.97,5450,5.69,-2055.61,5450,3.66
桥垫石176,-11707.06,4900,-232.44,-10464.73,4900,-229.21,-10612.1,5450,-218.59,-11854.43,5450,-221.82,-11707.06,4900,-32.44,-10464.73,4900,-29.21,-10612.1,5450,-18.59,-11854.43,5450,-21.82
桥垫石177,-30777.34,3975,-300.52,-29995.7,3975,-298.49,-30143.08,4525,-287.87,-30924.71,4525,-289.9,-30777.34,3975,-100.52,-29995.7,3975,-98.49,-30143.08,4525,-87.87,-30924.71,4525,-89.9
桥垫石178,-21439.21,3975,-276.24,-20196.88,3975,-273.01,-20344.25,4525,-262.4,-21586.58,4525,-265.63,-21439.21,3975,-76.24,-20196.88,3975,-73.01,-20344.25,4525,-62.4,-21586.58,4525,-65.63
桥垫石179,-1660.38,3975,-224.82,-878.75,3975,-222.78,-1026.12,4525,-212.17,-1807.75,4525,-214.2,-1660.38,3975,-24.82,-878.75,3975,-22.78,-1026.12,4525,-12.17,-1807.75,4525,-14.2
桥垫石180,-11459.21,3975,-250.29,-10216.88,3975,-247.06,-10364.25,4525,-236.45,-11606.58,4525,-239.68,-11459.21,3975,-50.29,-10216.88,3975,-47.06,-10364.25,4525,-36.45,-11606.58,4525,-39.68
桥垫石181,-30529.48,3050,-318.38,-29747.85,3050,-316.34,-29895.22,3600,-305.73,-30676.86,3600,-307.76,-30529.48,3050,-118.38,-29747.85,3050,-116.34,-29895.22,3600,-105.73,-30676.86,3600,-107.76
桥垫石182,-21191.36,3050,-294.1,-19949.02,3050,-290.87,-20096.4,3600,-280.25,-21338.73,3600,-283.48,-21191.36,3050,-94.1,-19949.02,3050,-90.87,-20096.4,3600,-80.25,-21338.73,3600,-83.48
桥垫石183,-1412.53,3050,-242.67,-630.9,3050,-240.64,-778.27,3600,-230.02,-1559.9,3600,-232.06,-1412.53,3050,-42.67,-630.9,3050,-40.64,-778.27,3600,-30.02,-1559.9,3600,-32.06
桥垫石184,-11211.36,3050,-268.15,-9969.02,3050,-264.92,-10116.4,3600,-254.3,-11358.73,3600,-257.53,-11211.36,3050,-68.15,-9969.02,3050,-64.92,-10116.4,3600,-54.3,-11358.73,3600,-57.53
桥垫石185,-30268.23,2075,-337.2,-29486.6,2075,-335.17,-29633.97,2625,-324.55,-30415.61,2625,-326.58,-30268.23,2075,-137.2,-29486.6,2075,-135.17,-29633.97,2625,-124.55,-30415.61,2625,-126.58
桥垫石186,-20930.11,2075,-312.92,-19687.77,2075,-309.69,-19835.15,2625,-299.07,-21077.48,2625,-302.3,-20930.11,2075,-112.92,-19687.77,2075,-109.69,-19835.15,2625,-99.07,-21077.48,2625,-102.3
桥垫石187,-1151.28,2075,-261.49,-369.64,2075,-259.46,-517.02,2625,-248.84,-1298.65,2625,-250.88,-1151.28,2075,-61.49,-369.64,2075,-59.46,-517.02,2625,-48.84,-1298.65,2625,-50.88
桥垫石188,-10950.11,2075,-286.97,-9707.77,2075,-283.74,-9855.15,2625,-273.12,-11097.48,2625,-276.35,-10950.11,2075,-86.97,-9707.77,2075,-83.74,-9855.15,2625,-73.12,-11097.48,2625,-76.35
桥垫石189,-30053.87,1275,-352.64,-29272.24,1275,-350.61,-29419.61,1825,-339.99,-30201.25,1825,-342.02,-30053.87,1275,-152.64,-29272.24,1275,-150.61,-29419.61,1825,-139.99,-30201.25,1825,-142.02
桥垫石190,-20715.75,1275,-328.36,-19473.41,1275,-325.13,-19620.79,1825,-314.51,-20863.12,1825,-317.74,-20715.75,1275,-128.36,-19473.41,1275,-125.13,-19620.79,1825,-114.51,-20863.12,1825,-117.74
桥垫石191,-936.92,1275,-276.94,-155.29,1275,-274.9,-302.66,1825,-264.29,-1084.29,1825,-266.32,-936.92,1275,-76.94,-155.29,1275,-74.9,-302.66,1825,-64.29,-1084.29,1825,-66.32
桥垫石192,-10735.75,1275,-302.41,-9493.41,1275,-299.18,-9640.79,1825,-288.57,-10883.12,1825,-291.8,-10735.75,1275,-102.41,-9493.41,1275,-99.18,-9640.79,1825,-88.57,-10883.12,1825,-91.8
桥垫石193,-29839.52,475,-368.08,-29057.88,475,-366.05,-29205.25,1025,-355.43,-29986.89,1025,-357.47,-29839.52,475,-168.08,-29057.88,475,-166.05,-29205.25,1025,-155.43,-29986.89,1025,-157.47
桥垫石194,-20501.39,475,-343.8,-19259.05,475,-340.57,-19406.43,1025,-329.96,-20648.76,1025,-333.19,-20501.39,475,-143.8,-19259.05,475,-140.57,-19406.43,1025,-129.96,-20648.76,1025,-133.19
桥垫石195,-722.56,475,-292.38,59.07,475,-290.35,-88.3,1025,-279.73,-869.93,1025,-281.76,-722.56,475,-92.38,59.07,475,-90.35,-88.3,1025,-79.73,-869.93,1025,-81.76
桥垫石196,-10521.39,475,-317.86,-9279.05,475,-314.63,-9426.43,1025,-304.01,-10668.76,1025,-307.24,-10521.39,475,-117.86,-9279.05,475,-114.63,-9426.43,1025,-104.01,-10668.76,1025,-107.24
桥橡胶垫0,-32250.71,4297.46,-97.9,200
桥橡胶垫1,-29726.85,750,-162.29,200
桥橡胶垫2,-20150.61,750,-137.39,200
桥橡胶垫3,-19757.2,750,-136.37,200
桥橡胶垫4,-10170.61,750,-111.44,200
桥橡胶垫5,-9777.2,750,-110.42,200
桥橡胶垫6,-200.96,750,-85.52,200
桥橡胶垫7,-29941.21,1550,-146.85,200
桥橡胶垫8,-20364.97,1550,-121.95,200
桥橡胶垫9,-19971.56,1550,-120.93,200
桥橡胶垫10,-10384.97,1550,-96,200
桥橡胶垫11,-9991.56,1550,-94.98,200
桥橡胶垫12,-415.32,1550,-70.08,200
桥橡胶垫13,-30155.57,2350,-131.4,200
桥橡胶垫14,-20579.33,2350,-106.51,200
桥橡胶垫15,-20185.92,2350,-105.48,200
桥橡胶垫16,-10599.33,2350,-80.56,200
桥橡胶垫17,-10205.92,2350,-79.54,200
桥橡胶垫18,-629.68,2350,-54.64,200
桥橡胶垫19,-30416.82,3325,-112.58,200
桥橡胶垫20,-20840.58,3325,-87.69,200
桥橡胶垫21,-20447.17,3325,-86.66,200
桥橡胶垫22,-10860.58,3325,-61.74,200
桥橡胶垫23,-10467.17,3325,-60.71,200
桥橡胶垫24,-890.93,3325,-35.82,200
桥橡胶垫25,-30664.67,4250,-94.73,200
桥橡胶垫26,-21088.43,4250,-69.83,200
桥橡胶垫27,-20695.03,4250,-68.81,200
桥橡胶垫28,-11108.43,4250,-43.88,200
桥橡胶垫29,-10715.03,4250,-42.86,200
桥橡胶垫30,-1138.78,4250,-17.96,200
桥橡胶垫31,-30912.53,5175,-76.87,200
桥橡胶垫32,-21336.28,5175,-51.97,200
桥橡胶垫33,-20942.88,5175,-50.95,200
桥橡胶垫34,-11356.28,5175,-26.03,200
桥橡胶垫35,-10962.88,5175,-25,200
桥橡胶垫36,-1386.64,5175,-0.110000000000014,200
桥橡胶垫37,-31173.78,6150,-58.05,200
桥橡胶垫38,-21597.53,6150,-33.15,200
桥橡胶垫39,-21204.13,6150,-32.13,200
桥橡胶垫40,-11617.53,6150,-7.20999999999998,200
桥橡胶垫41,-11224.13,6150,-6.18000000000001,200
桥橡胶垫42,-1647.89,6150,18.72,200
桥橡胶垫43,-31421.63,7075,-40.2,200
桥橡胶垫44,-21845.39,7075,-15.3,200
桥橡胶垫45,-21451.98,7075,-14.28,200
桥橡胶垫46,-11865.39,7075,10.65,200
桥橡胶垫47,-11471.98,7075,11.67,200
桥橡胶垫48,-1895.74,7075,36.57,200
桥橡胶垫49,-31669.48,8000,-22.34,200
桥橡胶垫50,-22093.24,8000,2.56,200
桥橡胶垫51,-21699.84,8000,3.57999999999998,200
桥橡胶垫52,-12113.24,8000,28.51,200
桥橡胶垫53,-11719.84,8000,29.53,200
桥橡胶垫54,-2143.59,8000,54.43,200
桥橡胶垫55,-31930.73,8975,-3.51999999999998,200
桥橡胶垫56,-22354.49,8975,21.38,200
桥橡胶垫57,-21961.09,8975,22.4,200
桥橡胶垫58,-12374.49,8975,47.33,200
桥橡胶垫59,-11981.09,8975,48.35,200
桥橡胶垫60,-2404.84,8975,73.25,200
桥橡胶垫61,-32178.59,9900,14.34,200
桥橡胶垫62,-22602.34,9900,39.23,200
桥橡胶垫63,-22208.94,9900,40.26,200
桥橡胶垫64,-12622.34,9900,65.18,200
桥橡胶垫65,-12228.94,9900,66.2,200
桥橡胶垫66,-2652.7,9900,91.1,200
桥橡胶垫67,-32426.44,10825,32.19,200
桥橡胶垫68,-22850.2,10825,57.09,200
桥橡胶垫69,-22456.79,10825,58.11,200
桥橡胶垫70,-12870.2,10825,83.04,200
桥橡胶垫71,-12476.79,10825,84.06,200
桥橡胶垫72,-2900.55,10825,108.96,200
桥橡胶垫73,-32687.69,11800,51.01,200
桥橡胶垫74,-23111.45,11800,75.91,200
桥橡胶垫75,-22718.04,11800,76.93,200
桥橡胶垫76,-13131.45,11800,101.86,200
桥橡胶垫77,-12738.04,11800,102.88,200
桥橡胶垫78,-3161.8,11800,127.78,200
桥橡胶垫79,-32935.54,12725,68.87,200
桥橡胶垫80,-23359.3,12725,93.77,200
桥橡胶垫81,-22965.9,12725,94.79,200
桥橡胶垫82,-13379.3,12725,119.71,200
桥橡胶垫83,-12985.9,12725,120.74,200
桥橡胶垫84,-3409.65,12725,145.63,200
桥橡胶垫85,-33183.4,13650,86.72,200
桥橡胶垫86,-23607.15,13650,111.62,200
桥橡胶垫87,-23213.75,13650,112.64,200
桥橡胶垫88,-13627.15,13650,137.57,200
桥橡胶垫89,-13233.75,13650,138.59,200
桥橡胶垫90,-3657.51,13650,163.49,200
桥橡胶垫91,-33444.65,14625,105.54,200
桥橡胶垫92,-23868.4,14625,130.44,200
桥橡胶垫93,-23475,14625,131.47,200
桥橡胶垫94,-13888.4,14625,156.39,200
桥橡胶垫95,-13495,14625,157.41,200
桥橡胶垫96,-3918.76,14625,182.31,200
桥橡胶垫97,-33692.5,15550,123.4,200
桥橡胶垫98,-24116.26,15550,148.3,200
桥橡胶垫99,-23722.85,15550,149.32,200
桥橡胶垫100,-14136.26,15550,174.25,200
桥橡胶垫101,-13742.85,15550,175.27,200
桥橡胶垫102,-4166.61,15550,200.17,200
桥橡胶垫103,-33940.35,16475,141.26,200
桥橡胶垫104,-24364.11,16475,166.15,200
桥橡胶垫105,-23970.71,16475,167.18,200
桥橡胶垫106,-14384.11,16475,192.1,200
桥橡胶垫107,-13990.71,16475,193.12,200
桥橡胶垫108,-4414.46,16475,218.02,200
桥橡胶垫109,-34201.6,17450,160.08,200
桥橡胶垫110,-24625.36,17450,184.97,200
桥橡胶垫111,-24231.96,17450,186,200
桥橡胶垫112,-14645.36,17450,210.92,200
桥橡胶垫113,-14251.96,17450,211.94,200
桥橡胶垫114,-4675.71,17450,236.84,200
桥橡胶垫115,-34449.46,18375,177.93,200
桥橡胶垫116,-24873.21,18375,202.83,200
桥橡胶垫117,-24479.81,18375,203.85,200
桥橡胶垫118,-14893.21,18375,228.78,200
桥橡胶垫119,-14499.81,18375,229.8,200
桥橡胶垫120,-4923.57,18375,254.7,200
桥橡胶垫121,-34697.31,19300,195.79,200
桥橡胶垫122,-25121.07,19300,220.69,200
桥橡胶垫123,-24727.66,19300,221.71,200
桥橡胶垫124,-15141.07,19300,246.63,200
桥橡胶垫125,-14747.66,19300,247.66,200
桥橡胶垫126,-5171.42,19300,272.55,200
桥橡胶垫127,-34911.67,20100,211.23,200
桥橡胶垫128,-25335.43,20100,236.13,200
桥橡胶垫129,-24942.02,20100,237.15,200
桥橡胶垫130,-15355.43,20100,262.08,200
桥橡胶垫131,-14962.02,20100,263.1,200
桥橡胶垫132,-5385.78,20100,288,200
桥橡胶垫133,-35159.52,21025,229.09,200
桥橡胶垫134,-25583.28,21025,253.98,200
桥橡胶垫135,-25189.87,21025,255.01,200
桥橡胶垫136,-15603.28,21025,279.93,200
桥橡胶垫137,-15209.87,21025,280.95,200
桥橡胶垫138,-5633.63,21025,305.85,200
桥橡胶垫139,-35407.37,21950,246.94,200
桥橡胶垫140,-25831.13,21950,271.84,200
桥橡胶垫141,-25437.73,21950,272.86,200
桥橡胶垫142,-15851.13,21950,297.79,200
桥橡胶垫143,-15457.73,21950,298.81,200
桥橡胶垫144,-5881.48,21950,323.71,200
桥橡胶垫145,-35621.73,22750,262.38,200
桥橡胶垫146,-26045.49,22750,287.28,200
桥橡胶垫147,-25652.09,22750,288.3,200
桥橡胶垫148,-16065.49,22750,313.23,200
桥橡胶垫149,-15672.09,22750,314.25,200
桥橡胶垫150,-6095.84,22750,339.15,200
桥橡胶垫151,-35869.59,23675,280.24,200
桥橡胶垫152,-26293.34,23675,305.14,200
桥橡胶垫153,-25899.94,23675,306.16,200
桥橡胶垫154,-16313.34,23675,331.09,200
桥橡胶垫155,-15919.94,23675,332.11,200
桥橡胶垫156,-6343.7,23675,357.01,200
桥橡胶垫157,-36117.44,24600,298.09,200
桥橡胶垫158,-26541.2,24600,322.99,200
桥橡胶垫159,-26147.79,24600,324.02,200
桥橡胶垫160,-16561.2,24600,348.94,200
桥橡胶垫161,-16167.79,24600,349.96,200
桥橡胶垫162,-6591.55,24600,374.86,200
桥橡胶垫163,-36331.8,25400,313.54,200
桥橡胶垫164,-26755.56,25400,338.44,200
桥橡胶垫165,-26362.15,25400,339.46,200
桥橡胶垫166,-16775.56,25400,364.38,200
桥橡胶垫167,-16382.15,25400,365.41,200
桥橡胶垫168,-6805.91,25400,390.3,200
桥橡胶垫169,-36546.16,26200,328.98,200
桥橡胶垫170,-26969.92,26200,353.88,200
桥橡胶垫171,-26576.51,26200,354.9,200
桥橡胶垫172,-16989.92,26200,379.83,200
桥橡胶垫173,-16596.51,26200,380.85,200
桥橡胶垫174,-7020.27,26200,405.75,200
桥橡胶垫175,-36760.52,27000,344.42,200
桥橡胶垫176,-27184.28,27000,369.32,200
桥橡胶垫177,-26790.87,27000,370.34,200
桥橡胶垫178,-17204.28,27000,395.27,200
桥橡胶垫179,-16810.87,27000,396.29,200
桥橡胶垫180,-7234.63,27000,421.19,200
桥防撞墙2,-37108.6,26830.86,1040.13,-37287.9,27500,1053.05,-7368.6,27500,1130.84,-7189.31,26830.86,1117.92,-37108.6,26830.86,1390.13,-37287.9,27500,1403.05,-7368.6,27500,1480.84,-7189.31,26830.86,1467.92
桥防撞墙3,-37087.18,26750.9,1038.59,-37108.6,26830.86,1040.13,-7189.31,26830.86,1117.92,-7167.88,26750.9,1116.38,-37087.18,26750.9,1388.59,-37108.6,26830.86,1390.13,-7189.31,26830.86,1467.92,-7167.88,26750.9,1466.38
桥防撞墙4,-29946.09,100,524.14,-30152.41,870,539,-233.12,870,616.79,-26.79,100,601.93,-29946.09,100,874.14,-30152.41,870,889,-233.12,870,966.79,-26.79,100,951.93
桥防撞墙5,-30152.41,870,539,-30173.84,949.98,540.55,-254.55,949.98,618.34,-233.12,870,616.79,-30152.41,870,889,-30173.84,949.98,890.55,-254.55,949.98,968.34,-233.12,870,966.79
纤维混凝土6,-30173.84,949.98,540.55,-37087.18,26750.9,1038.59,-7167.88,26750.9,1116.38,-254.55,949.98,618.34,-30173.84,949.98,620.55,-37087.18,26750.9,1118.59,-7167.88,26750.9,1196.38,-254.55,949.98,698.34
沥青混凝土6,-30173.84,949.98,620.55,-37087.18,26750.9,1118.59,-7167.88,26750.9,1196.38,-254.55,949.98,698.34,-30173.84,949.98,820.55,-37087.18,26750.9,1318.59,-7167.88,26750.9,1396.38,-254.55,949.98,898.34
桥墩挡块26,-37228.22,27200,147.21,-37308.6,27500,153,-36583.91,27500,154.88,-36503.52,27200,149.09,-37228.22,27200,647.21,-37308.6,27500,653,-36583.91,27500,654.88,-36503.52,27200,649.09
桥墩挡块27,-27972.91,27200,171.27,-28053.3,27500,177.06,-26603.91,27500,180.83,-26523.52,27200,175.04,-27972.91,27200,671.27,-28053.3,27500,677.06,-26603.91,27500,680.83,-26523.52,27200,675.04
桥墩挡块28,-17992.91,27200,197.22,-18073.3,27500,203.01,-16623.91,27500,206.78,-16543.52,27200,200.99,-17992.91,27200,697.22,-18073.3,27500,703.01,-16623.91,27500,706.78,-16543.52,27200,700.99
桥墩挡块29,-8012.91,27200,223.17,-8093.3,27500,228.96,-7389.31,27500,230.79,-7308.92,27200,225,-8012.91,27200,723.17,-8093.3,27500,728.96,-7389.31,27500,730.79,-7308.92,27200,725
桥墩挡块30,-30006.99,250,-373.02,-30087.37,550,-367.23,-29285.03,550,-365.14,-29204.65,250,-370.93,-30006.99,250,126.98,-30087.37,550,132.77,-29285.03,550,134.86,-29204.65,250,129.07
桥墩挡块31,-20648.15,250,-348.69,-20728.54,550,-342.89,-19486.21,550,-339.66,-19405.82,250,-345.46,-20648.15,250,151.31,-20728.54,550,157.11,-19486.21,550,160.34,-19405.82,250,154.54
桥墩挡块32,-10668.15,250,-322.74,-10748.54,550,-316.95,-9506.21,550,-313.72,-9425.82,250,-319.51,-10668.15,250,177.26,-10748.54,550,183.05,-9506.21,550,186.28,-9425.82,250,180.49
桥墩挡块33,-869.33,250,-297.26,-949.71,550,-291.47,-168.08,550,-289.44,-87.69,250,-295.23,-869.33,250,202.74,-949.71,550,208.53,-168.08,550,210.56,-87.69,250,204.77
桥墩挡块34,-35293.52,17275,-46.26,-38033.3,27500,151.11,-37308.6,27500,153,-34568.82,17275,-44.38,-35293.52,17275,453.74,-38033.3,27500,651.11,-37308.6,27500,653,-34568.82,17275,455.62
桥墩挡块35,-35312.7,17250,-46.81,-34562.12,17250,-44.86,-29966.79,100,-375.91,-30717.37,100,-377.87,-35312.7,17250,453.19,-34562.12,17250,455.14,-29966.79,100,124.09,-30717.37,100,122.13
桥墩挡块36,-47.5,100,-298.12,-4642.83,17250,32.93,-3819.78,17250,35.07,775.54,100,-295.98,-47.5,100,201.88,-4642.83,17250,532.93,-3819.78,17250,535.07,775.54,100,204.02
桥墩挡块37,-4649.53,17275,33.41,-7389.31,27500,230.79,-6643.91,27500,232.73,-3904.13,17275,35.35,-4649.53,17275,533.41,-7389.31,27500,730.79,-6643.91,27500,732.73,-3904.13,17275,535.35
3号扩建桥台墩帽2350,-34931.17,17275,-395.32,-37670.95,27500,-197.94,-36583.91,27500,-195.12,-33844.13,17275,-392.49,-34931.17,17275,-45.32,-37670.95,27500,152.06,-36583.91,27500,154.88,-33844.13,17275,-42.49
3号扩建桥台墩帽1350,-35023.61,17620,-738.66,-37590.56,27200,-553.74,-36865.87,27200,-551.85,-34298.92,17620,-736.78,-34931.17,17275,-395.32,-37670.95,27500,-197.94,-36583.91,27500,-195.12,-33844.13,17275,-392.49
3号扩建桥台墩身3500,-35023.61,17620,-3500,-37590.56,27200,-3500,-36865.87,27200,-3500,-34298.92,17620,-3500,-35023.61,17620,-738.66,-37590.56,27200,-553.74,-36865.87,27200,-551.85,-34298.92,17620,-736.78
3号扩建桥台承台1500/-0.0026/-0.02,-35293.52,17275,-5000,-38033.3,27500,-5000,-36583.91,27500,-5000,-33844.13,17275,-5000,-35293.52,17275,-3500,-38033.3,27500,-3500,-36583.91,27500,-3500,-33844.13,17275,-3500
2号扩建桥台墩帽1350,-25043.61,17620,-712.71,-27610.56,27200,-527.79,-26885.87,27200,-525.9,-24318.92,17620,-710.83,-25313.52,17275,-370.32,-28053.3,27500,-172.94,-26603.91,27500,-169.17,-23864.13,17275,-366.55
2号扩建桥台墩身3500,-25043.61,17620,-3500,-27610.56,27200,-3500,-26885.87,27200,-3500,-24318.92,17620,-3500,-25043.61,17620,-712.71,-27610.56,27200,-527.79,-26885.87,27200,-525.9,-24318.92,17620,-710.83
2号扩建桥台承台1500/-0.0026/-0.02,-25313.52,17275,-5000,-28053.3,27500,-5000,-26603.91,27500,-5000,-23864.13,17275,-5000,-25313.52,17275,-3500,-28053.3,27500,-3500,-26603.91,27500,-3500,-23864.13,17275,-3500
1号扩建桥台墩帽1350,-15063.61,17620,-686.77,-17630.56,27200,-501.84,-16905.87,27200,-499.96,-14338.92,17620,-684.88,-15333.52,17275,-344.37,-18073.3,27500,-146.99,-16623.91,27500,-143.22,-13884.13,17275,-340.6
1号扩建桥台墩身3500,-15063.61,17620,-3500,-17630.56,27200,-3500,-16905.87,27200,-3500,-14338.92,17620,-3500,-15063.61,17620,-686.77,-17630.56,27200,-501.84,-16905.87,27200,-499.96,-14338.92,17620,-684.88
1号扩建桥台承台1500/-0.0026/-0.02,-15333.52,17275,-5000,-18073.3,27500,-5000,-16623.91,27500,-5000,-13884.13,17275,-5000,-15333.52,17275,-3500,-18073.3,27500,-3500,-16623.91,27500,-3500,-13884.13,17275,-3500
0号扩建桥台墩帽2350,-4991.17,17275,-317.48,-7730.95,27500,-120.1,-6643.91,27500,-117.27,-3904.13,17275,-314.65,-4991.17,17275,32.52,-7730.95,27500,229.9,-6643.91,27500,232.73,-3904.13,17275,35.35
0号扩建桥台墩帽1350,-5083.61,17620,-660.82,-7650.56,27200,-475.89,-6925.87,27200,-474.01,-4358.92,17620,-658.93,-4991.17,17275,-317.48,-7730.95,27500,-120.1,-6643.91,27500,-117.27,-3904.13,17275,-314.65
0号扩建桥台墩身3500,-5083.61,17620,-3500,-7650.56,27200,-3500,-6925.87,27200,-3500,-4358.92,17620,-3500,-5083.61,17620,-660.82,-7650.56,27200,-475.89,-6925.87,27200,-474.01,-4358.92,17620,-658.93
0号扩建桥台承台1500/-0.0026/0-0.02,-5353.52,17275,-5000,-8093.3,27500,-5000,-6643.91,27500,-5000,-3904.13,17275,-5000,-5353.52,17275,-3500,-8093.3,27500,-3500,-6643.91,27500,-3500,-3904.13,17275,-3500
2号桥墩墩帽1300,-20686.16,-91.13,-655.61,-25281.49,17058.87,-324.55,-23728.57,17058.87,-320.52,-19133.24,-91.13,-651.57,-20686.16,-91.13,-355.61,-25281.49,17058.87,-24.55,-23728.57,17058.87,-20.52,-19133.24,-91.13,-351.57
2号桥墩墩身3000,-20634.39,-91.13,-3000,-25229.72,17058.87,-3000,-23780.34,17058.87,-3000,-19185.01,-91.13,-3000,-20634.39,-91.13,-655.47,-25229.72,17058.87,-324.42,-23780.34,17058.87,-320.65,-19185.01,-91.13,-651.7
2号桥墩承台600/-0.0026/-0.02,-20893.21,-91.13,-3600,-25542.13,17258.87,-3600,-23575.11,17258.87,-3600,-18926.19,-91.13,-3600,-20893.21,-91.13,-3000,-25542.13,17258.87,-3000,-23575.11,17258.87,-3000,-18926.19,-91.13,-3000
1号桥墩墩帽1300,-10706.16,-91.13,-629.66,-15301.49,17058.87,-298.61,-13748.57,17058.87,-294.57,-9153.24,-91.13,-625.62,-10706.16,-91.13,-329.66,-15301.49,17058.87,1.38999999999999,-13748.57,17058.87,5.43000000000001,-9153.24,-91.13,-325.62
1号桥墩墩身3000,-10654.39,-91.13,-3000,-15249.72,17058.87,-3000,-13800.34,17058.87,-3000,-9205.01,-91.13,-3000,-10654.39,-91.13,-629.52,-15249.72,17058.87,-298.47,-13800.34,17058.87,-294.7,-9205.01,-91.13,-625.76
1号桥墩承台600/-0.0026/-0.02,-10913.21,-91.13,-3600,-15562.13,17258.87,-3600,-13595.11,17258.87,-3600,-8946.19,-91.13,-3600,-10913.21,-91.13,-3000,-15562.13,17258.87,-3000,-13595.11,17258.87,-3000,-8946.19,-91.13,-3000
0号桥墩墩帽1300,-726.16,-91.13,-603.71,-5321.49,17058.87,-272.66,-3768.57,17058.87,-268.62,826.76,-91.13,-599.67,-726.16,-91.13,-303.71,-5321.49,17058.87,27.34,-3768.57,17058.87,31.38,826.76,-91.13,-299.67
0号桥墩墩身3000,-674.39,-91.13,-3000,-5269.72,17058.87,-3000,-3820.34,17058.87,-3000,774.99,-91.13,-3000,-674.39,-91.13,-603.58,-5269.72,17058.87,-272.52,-3820.34,17058.87,-268.76,774.99,-91.13,-599.81
0号桥墩承台600/-0.0026/-0.02,-949.63,-95.53,-3600,-5598.55,17254.47,-3600,-3598.69,17263.27,-3600,1050.23,-86.73,-3600,-949.63,-95.53,-3000,-5598.55,17254.47,-3000,-3598.69,17263.27,-3000,1050.23,-86.73,-3000
3号桥墩墩帽1300,-30666.16,-91.13,-681.55,-35261.49,17058.87,-350.5,-33708.57,17058.87,-346.46,-29113.24,-91.13,-677.52,-30666.16,-91.13,-381.55,-35261.49,17058.87,-50.5,-33708.57,17058.87,-46.46,-29113.24,-91.13,-377.52
3号桥墩墩身3000,-30614.39,-91.13,-3000,-35209.72,17058.87,-3000,-33760.34,17058.87,-3000,-29165.01,-91.13,-3000,-30614.39,-91.13,-681.42,-35209.72,17058.87,-350.37,-33760.34,17058.87,-346.6,-29165.01,-91.13,-677.65
3号桥墩承台600/-0.0026/-0.02,-30889.63,-95.53,-3600,-35538.55,17254.47,-3600,-33538.69,17263.27,-3600,-28889.77,-86.73,-3600,-30889.63,-95.53,-3000,-35538.55,17254.47,-3000,-33538.69,17263.27,-3000,-28889.77,-86.73,-3000